frame 5.0 7.0

# ========= neck =========
color 150 75 0
thickness 3
path 2

2.5 3.
2.5 3.75

# ========= Candle head =========
color 255 0 0
thickness 4
path 10

2.25 3.75
1.75 4.25
1.75 4.5
2.25 5.5
2.5 6.25
2.75 5.5
3.25 4.5
3.25 4.25
2.75 3.75
2.25 3.75

# ========= first head aura =========
color 255 150 0
thickness 3
path 9

1.75 3.5
3.25 3.5
3.75 4.75
3.5 5.5
3.0 6.25
2.0 6.25
1.5 5.5 
1.25 4.75
1.75 3.5

# ========= second head aura =========
color 255 255 0
thickness 2
path 9

1.75 3.25
3.25 3.25
4.25 4.25
4.25 5.75
3.25 6.75
1.75 6.75
0.75 5.75
0.75 4.25
1.75 3.25

# ========= right shadow =========
color 0 0 0
thickness 2
path 24

3.25 2.5
3.25 3.
3.5 2.75
3.5 2.25
3.75 2.25
3.75 3.
4. 2.75
4. 2.25
4.5 2.75
4.75 2.75
4.75 2.5
4.25 2.
4.75 2.
5. 1.75
4.25 1.75
4.25 1.5
5. 1.5
4.75 1.25
4. 1.25
3.75 1.
4.25 1.
4. 0.75
3.5 0.75
3.25 0.5

# ========= left shadow =========
color 0 0 0
thickness 2
path 19

1.5 0.5
1.25 0.75
1.25 0.5
1.75 0.25
1.75 0.
1.5 0.
1.5 0.25
1.25 0.25
0.75 0.
0.5 0.
1. 0.5
0.25 0.5
0.5 0.75
1. 0.75
0.5 1.25
0.5 1.5
0.75 1.5
1.5 0.75
1.75 0.75

# ========= Body =========
color 243 227 194
thickness 7
path 22

3.5 2.25
3.25 2.
3.25 2.25
3.25 0.25
3. 0.
2. 0.
1.75 0.25 
1.75 1.25
1.75 1.
1.5 1.
1.5 1.25
1.75 1.5
1.75 2.
1.75 1.75
1.5 1.5
1.25 1.5
1.25 1.75
1.75 2.25
1.75 2.5
2.25 3.
2.75 3.
3.5 2.25
